0.000000	0.477980
0.050000	1.230711
0.100000	1.108510
0.150000	0.976268
0.200000	0.922419
0.250000	0.868570
0.300000	0.996798
0.350000	1.193014
0.400000	1.377746
0.450000	1.492314
0.500000	1.513842
0.550000	1.477674
0.600000	1.401554
0.650000	1.313022
0.700000	1.316101
0.750000	1.375250
0.800000	1.528619
0.850000	1.712227
0.900000	1.836456
0.950000	1.877679
1.000000	1.821567
1.050000	1.752102
1.100000	1.677672
1.150000	1.631348
1.200000	1.613263
1.250000	1.601998
1.300000	1.606294
1.350000	1.624528
1.400000	1.630311
1.450000	1.631660
1.500000	1.679754
1.550000	1.785802
1.600000	1.856201
1.650000	1.974789
1.700000	1.850595
1.750000	1.682553
1.800000	1.531953
1.850000	1.474428
1.900000	1.611603
1.950000	1.781718
2.000000	1.869530
2.050000	1.822197
2.100000	1.774864
2.150000	1.727532
2.200000	1.680199
2.250000	2.113427
2.300000	2.163406
2.350000	2.144167
2.400000	2.095599
2.450000	2.014198
2.500000	1.932798
2.550000	1.904692
2.600000	1.887408
2.650000	1.870123
2.700000	1.901478
2.750000	1.943048
2.800000	1.984618
2.850000	2.042062
2.900000	2.102361
2.950000	2.162661
3.000000	2.128433
3.050000	2.084130
3.100000	2.039827
3.150000	2.016268
3.200000	1.994028
3.250000	1.971787
3.300000	1.949547
3.350000	1.927306
3.400000	1.925830
3.450000	1.984899
3.500000	2.043968
3.550000	2.074483
3.600000	2.021431
3.650000	1.968379
3.700000	1.926707
3.750000	1.904262
3.800000	1.881817
3.850000	1.901062
3.900000	1.963832
3.950000	2.026602
4.000000	2.042780
4.050000	2.028711
4.100000	2.014643
4.150000	2.025678
4.200000	2.047273
4.250000	2.068868
4.300000	2.085365
4.350000	2.101321
4.400000	2.117277
4.450000	2.108058
4.500000	2.098428
4.550000	2.093450
4.600000	2.106897
4.650000	2.120345
4.700000	2.119088
4.750000	2.095934
4.800000	2.072780
4.850000	2.082357
4.900000	2.113806
4.950000	2.145256
5.000000	2.244916
5.050000	2.359628
5.100000	2.474340
5.150000	2.459206
5.200000	2.440857
5.250000	2.422508
5.300000	2.409585
5.350000	2.396680
5.400000	2.223824
5.450000	2.081327
5.500000	1.901299
5.550000	1.833466
5.600000	2.056318
5.650000	2.279171
5.700000	2.280756
5.750000	2.261969
5.800000	2.247377
5.850000	2.330863
5.900000	2.414349
5.950000	2.440540
6.000000	2.408190
6.050000	2.375839
6.100000	2.345178
6.150000	2.315660
6.200000	2.286143
6.250000	2.259045
6.300000	2.232225
6.350000	2.223811
6.400000	2.274838
6.450000	2.325865
6.500000	2.295070
6.550000	2.204649
6.600000	2.114228
6.650000	2.186979
6.700000	2.267100
6.750000	2.392888
6.800000	2.534958
6.850000	2.404083
6.900000	2.213878
6.950000	2.439427
7.000000	2.664975
7.050000	2.644564
7.100000	2.538159
7.150000	2.431754
7.200000	2.438514
7.250000	2.445284
7.300000	2.409879
7.350000	2.292392
7.400000	2.174905
7.450000	2.124971
7.500000	2.106620
7.550000	2.088270
7.600000	1.924654
7.650000	1.745451
7.700000	1.960244
7.750000	2.190430
7.800000	2.200067
7.850000	2.209268
7.900000	2.019735
7.950000	2.230693
8.000000	2.455448
8.050000	2.601638
8.100000	2.685619
8.150000	2.686391
8.200000	2.699905
8.250000	2.716069
8.300000	2.714063
8.350000	2.700023
8.400000	2.700341
8.450000	2.729346
8.500000	2.758351
8.550000	2.716414
8.600000	2.653113
8.650000	2.540880
8.700000	2.363412
8.750000	2.185944
8.800000	1.257484
8.850000	1.247976
8.900000	1.238468
8.950000	1.469364
9.000000	1.667004
9.050000	1.555311
9.100000	1.585904
9.150000	1.475601
9.200000	1.667436
9.250000	1.855595
9.300000	2.125901
9.350000	2.425840
9.400000	2.550788
9.450000	2.627985
9.500000	2.691980
9.550000	2.751245
9.600000	2.758637
9.650000	2.569561
9.700000	2.361588
9.750000	2.253242
9.800000	2.321953
9.850000	2.456943
9.900000	2.600223
9.950000	2.628312
10.000000	2.582545
10.050000	2.522956
10.100000	2.388891
10.150000	2.254826
10.200000	2.415247
10.250000	2.418629
10.300000	2.422010
10.350000	2.224221
10.400000	2.265915
10.450000	2.307609
10.500000	2.349303
10.550000	2.401532
10.600000	2.509586
10.650000	2.617640
10.700000	2.677296
10.750000	2.691939
10.800000	2.706582
10.850000	2.831758
10.900000	2.977956
10.950000	3.089604
11.000000	3.076816
11.050000	3.064027
11.100000	3.054032
11.150000	3.046104
11.200000	3.038176
11.250000	2.996835
11.300000	2.940905
11.350000	2.884975
11.400000	2.841463
11.450000	2.803865
11.500000	2.766268
11.550000	2.824748
11.600000	2.898885
11.650000	2.969114
11.700000	3.010361
11.750000	3.051607
11.800000	3.116522
11.850000	3.227662
11.900000	3.338802
11.950000	3.350664
12.000000	3.276811
12.050000	3.202959
12.100000	3.167554
12.150000	3.144696
12.200000	3.119580
12.250000	3.065391
12.300000	3.011202
12.350000	3.009952
12.400000	3.137159
12.450000	3.264366
12.500000	3.301202
12.550000	3.279704
12.600000	3.258206
12.650000	3.259994
12.700000	3.266635
12.750000	3.288265
12.800000	3.399432
12.850000	3.510599
12.900000	3.553148
12.950000	3.463347
13.000000	3.373546
13.050000	3.346107
13.100000	3.348139
13.150000	3.350171
13.200000	3.110109
13.250000	2.868821
13.300000	2.627534
13.350000	2.476818
13.400000	2.537184
13.450000	2.685316
13.500000	2.965045
13.550000	3.230686
13.600000	3.344000
13.650000	3.141774
13.700000	2.939547
13.750000	2.845276
13.800000	2.850735
13.850000	2.857567
13.900000	2.850724
13.950000	2.822732
14.000000	2.809317
14.050000	2.833615
14.100000	2.857912
14.150000	2.819225
14.200000	2.730142
14.250000	2.641059
14.300000	2.585763
14.350000	2.550216
14.400000	2.514670
14.450000	2.580276
14.500000	2.673482
14.550000	2.766688
14.600000	2.794911
14.650000	2.812853
14.700000	2.826343
14.750000	2.787851
14.800000	2.749359
14.850000	2.734797
14.900000	2.777596
14.950000	2.842173
15.000000	2.955185
15.050000	3.005322
15.100000	3.018990
15.150000	3.047202
15.200000	3.099598
15.250000	3.161961
15.300000	3.140528
15.350000	3.024284
15.400000	2.908040
15.450000	2.947519
15.500000	3.031411
15.550000	3.106751
15.600000	3.077686
15.650000	3.028011
15.700000	2.980140
15.750000	3.056947
15.800000	3.181090
15.850000	3.257988
15.900000	3.227119
15.950000	3.254259
16.000000	3.757290
16.050000	3.844714
16.100000	3.810283
16.150000	3.688290
16.200000	3.573408
16.250000	3.568685
16.300000	3.648266
16.350000	3.718728
16.400000	3.721978
16.450000	3.717640
16.500000	3.718698
16.550000	3.689315
16.600000	3.611008
16.650000	3.487221
16.700000	3.382904
16.750000	3.045852
16.800000	3.194749
16.850000	3.367981
16.900000	3.402818
16.950000	3.144417
17.000000	2.808315
17.050000	2.894639
17.100000	2.829947
17.150000	2.619018
17.200000	2.475878
17.250000	2.819277
17.300000	3.590960
17.350000	3.720150
17.400000	3.634382
17.450000	3.725420
17.500000	3.806538
17.550000	3.866678
17.600000	3.992253
17.650000	4.191293
17.700000	4.459976
17.750000	4.620293
17.800000	4.592348
17.850000	4.465314
17.900000	4.408741
17.950000	4.441012
18.000000	4.466802
18.050000	4.438035
18.100000	4.388241
18.150000	4.366160
18.200000	4.399252
18.250000	4.440640
18.300000	4.478091
18.350000	4.493494
18.400000	4.498640
18.450000	4.502712
18.500000	4.520928
18.550000	4.532103
18.600000	4.497046
18.650000	4.422465
18.700000	4.358641
18.750000	4.375458
18.800000	4.439164
18.850000	4.541038
18.900000	4.625464
18.950000	4.687311
19.000000	4.721097
19.050000	4.758451
19.100000	4.693357
19.150000	4.786098
19.200000	4.841095
19.250000	4.833411
19.300000	4.778779
19.350000	4.721572
19.400000	4.675402
19.450000	4.664399
19.500000	4.781662
19.550000	4.832022
19.600000	4.693053
19.650000	4.541768
19.700000	4.488197
19.750000	4.612815
19.800000	4.684223
19.850000	4.719200
19.900000	4.880738
19.950000	4.913075
20.000000	4.853158
20.050000	4.661549
20.100000	4.478720
20.150000	4.386935
20.200000	4.274990
20.250000	4.167177
20.300000	4.020906
20.350000	3.874636
20.400000	4.014199
20.450000	4.193437
20.500000	4.372674
20.550000	4.366241
20.600000	4.349549
20.650000	4.332857
20.700000	4.316165
20.750000	4.299473
20.800000	4.461829
20.850000	4.458627
20.900000	4.455284
20.950000	4.446573
21.000000	4.410247
21.050000	4.390736
21.100000	4.419957
21.150000	4.510599
21.200000	4.499853
21.250000	4.370560
21.300000	4.024486
21.350000	3.528551
21.400000	3.053278
21.450000	2.696739
21.500000	2.489973
21.550000	2.507588
21.600000	2.510800
21.650000	2.187526
21.700000	2.066073
21.750000	2.015805
21.800000	1.965538
21.850000	2.014535
21.900000	2.070169
21.950000	2.116854
22.000000	2.144194
22.050000	2.171534
22.100000	2.250696
22.150000	2.365151
22.200000	2.479606
22.250000	2.470983
22.300000	2.444873
22.350000	2.495819
22.400000	3.042368
22.450000	3.588918
22.500000	3.849527
22.550000	3.857825
22.600000	3.866123
22.650000	3.836629
22.700000	3.797233
22.750000	3.756649
22.800000	3.700501
22.850000	3.644353
22.900000	3.622677
22.950000	3.671023
23.000000	3.719368
23.050000	3.844694
23.100000	3.998671
23.150000	4.152648
23.200000	3.658474
23.250000	3.156248
23.300000	2.654023
23.350000	2.151798
23.400000	1.649572
23.450000	1.572748
23.500000	1.622474
23.550000	1.633927
23.600000	1.621272
23.650000	1.617890
23.700000	1.636248
23.750000	1.649241
23.800000	1.630348
23.850000	1.611456
23.900000	1.649045
23.950000	1.698424
24.000000	1.683110
24.050000	1.611530
24.100000	1.554639
24.150000	1.524083
24.200000	1.517783
24.250000	1.871829
24.300000	1.932596
24.350000	1.972752
24.400000	2.020754
24.450000	2.063742
24.500000	2.096196
24.550000	2.090141
24.600000	2.006605
24.650000	1.934501
24.700000	1.931771
24.750000	1.929041
24.800000	1.968363
24.850000	2.015313
24.900000	2.018557
24.950000	2.002289
25.000000	2.005004
25.050000	2.034377
25.100000	2.251520
25.150000	2.949919
25.200000	3.434060
25.250000	3.769499
25.300000	4.047368
25.350000	3.791601
25.400000	3.479621
25.450000	2.408661
25.500000	2.488024
25.550000	2.567387
25.600000	2.646750
25.650000	2.726114
25.700000	2.738811
25.750000	2.655423
25.800000	2.572035
25.850000	2.687359
25.900000	3.125478
25.950000	3.563597
26.000000	3.788855
26.050000	3.743894
26.100000	3.698934
26.150000	3.661187
26.200000	3.641391
26.250000	3.621595
26.300000	3.587278
26.350000	3.517564
26.400000	3.447850
26.450000	3.406217
26.500000	3.545857
26.550000	3.685496
26.600000	3.724277
26.650000	3.607981
26.700000	3.491686
26.750000	3.358449
26.800000	3.216250
26.850000	3.074051
26.900000	3.019029
26.950000	2.984798
27.000000	2.952964
27.050000	2.954720
27.100000	2.956475
27.150000	2.981519
27.200000	3.090086
27.250000	3.198653
27.300000	3.642385
27.350000	4.452116
27.400000	5.054921
27.450000	4.970530
27.500000	4.531762
27.550000	3.931291
27.600000	3.648207
27.650000	3.623693
27.700000	3.657598
27.750000	3.686783
27.800000	3.796009
27.850000	3.967143
27.900000	4.140008
27.950000	4.125150
28.000000	4.090001
28.050000	4.125188
28.100000	4.292210
28.150000	4.474092
28.200000	4.606033
28.250000	4.662871
28.300000	4.613222
28.350000	4.594102
28.400000	4.582394
28.450000	4.558499
28.500000	4.522028
28.550000	4.476598
28.600000	4.418171
28.650000	4.358551
28.700000	4.283362
28.750000	4.254905
28.800000	4.278012
28.850000	4.473405
28.900000	4.771387
28.950000	4.686359
29.000000	4.289552
29.050000	3.594228
29.100000	3.289137
29.150000	3.024459
29.200000	3.003769
29.250000	3.001355
29.300000	3.079032
29.350000	3.160213
29.400000	3.341199
29.450000	3.539283
29.500000	3.609800
29.550000	3.757730
29.600000	4.172019
29.650000	4.248313
29.700000	4.511010
29.750000	4.779036
29.800000	4.897056
29.850000	4.999093
29.900000	5.040227
29.950000	4.917528
30.000000	4.794829
30.050000	4.793798
30.100000	4.923334
30.150000	5.052870
30.200000	5.178077
30.250000	5.264505
30.300000	5.350934
30.350000	5.371002
30.400000	5.334949
30.450000	5.298897
30.500000	5.199312
30.550000	5.121775
30.600000	5.044238
30.650000	5.143583
30.700000	5.409137
30.750000	5.666007
30.800000	5.853169
30.850000	5.997747
30.900000	6.129321
30.950000	6.169468
31.000000	6.159457
31.050000	6.008994
31.100000	5.779844
31.150000	5.550694
31.200000	5.474726
31.250000	5.474987
31.300000	5.475249
31.350000	5.387037
31.400000	5.191675
31.450000	4.996313
31.500000	4.923377
31.550000	4.932633
31.600000	4.943073
31.650000	4.960122
31.700000	4.963979
31.750000	4.996793
31.800000	5.108667
31.850000	5.240243
31.900000	5.330526
31.950000	5.284067
32.000000	5.152996
32.050000	4.956776
32.100000	4.825284
32.150000	4.782067
32.200000	4.747441
32.250000	4.612986
32.300000	4.381427
32.350000	4.149867
32.400000	4.090923
32.450000	4.109146
32.500000	4.167721
32.550000	4.366318
32.600000	4.623452
32.650000	4.856697
32.700000	4.945050
32.750000	4.944485
32.800000	4.895979
32.850000	4.790175
32.900000	4.679502
32.950000	4.575925
33.000000	4.445991
33.050000	4.306612
33.100000	4.044067
33.150000	3.809394
33.200000	3.601207
33.250000	3.791739
33.300000	4.120671
33.350000	4.474949
33.400000	4.641879
33.450000	4.750983
33.500000	4.845280
33.550000	4.957897
33.600000	4.979357
33.650000	4.954398
33.700000	4.823545
33.750000	4.704427
33.800000	4.601158
33.850000	4.576631
33.900000	4.601531
33.950000	4.633561
34.000000	4.696957
34.050000	4.740934
34.100000	4.784911
34.150000	4.624250
34.200000	4.440610
34.250000	4.265555
34.300000	4.230511
34.350000	4.209899
34.400000	4.143449
34.450000	3.967958
34.500000	3.733686
34.550000	3.561079
34.600000	3.744382
34.650000	4.241306
34.700000	4.283028
34.750000	4.327495
34.800000	4.378785
34.850000	4.424800
34.900000	4.475570
34.950000	4.510972
35.000000	4.537105
35.050000	4.503854
35.100000	4.398966
35.150000	4.294574
35.200000	4.311560
35.250000	4.516295
35.300000	4.761216
35.350000	4.949548
35.400000	5.000511
35.450000	4.953202
35.500000	4.781729
35.550000	4.564440
35.600000	4.360644
35.650000	4.265025
35.700000	4.257578
35.750000	4.254310
35.800000	4.261250
35.850000	4.260648
35.900000	4.332244
35.950000	4.473934
36.000000	4.677505
36.050000	4.885405
36.100000	5.131743
36.150000	5.682307
36.200000	5.948113
36.250000	6.043846
36.300000	6.013366
36.350000	5.905482
36.400000	5.765053
36.450000	5.659142
36.500000	5.702228
36.550000	5.789688
36.600000	5.869990
36.650000	5.864681
36.700000	5.772958
36.750000	5.589645
36.800000	5.447445
36.850000	5.431657
36.900000	5.485143
36.950000	5.466317
37.000000	5.344527
37.050000	5.117614
37.100000	4.880971
37.150000	4.686486
37.200000	4.688178
37.250000	4.796548
37.300000	4.826685
37.350000	4.818100
37.400000	4.912473
37.450000	5.120954
37.500000	5.374814
37.550000	5.223331
37.600000	5.160734
37.650000	5.437845
37.700000	5.549911
37.750000	5.671524
37.800000	5.772742
37.850000	5.838062
37.900000	5.794371
37.950000	5.616035
38.000000	5.406193
38.050000	5.409645
38.100000	5.613593
38.150000	5.821957
38.200000	6.043088
38.250000	5.844280
38.300000	5.549134
38.350000	5.472904
38.400000	5.585923
38.450000	4.790425
38.500000	5.449747
38.550000	5.776455
38.600000	4.989473
38.650000	4.736013
38.700000	5.173947
38.750000	5.611881
38.800000	5.435780
38.850000	4.855374
38.900000	3.759200
38.950000	3.862232
39.000000	4.161412
39.050000	5.708537
39.100000	5.911603
39.150000	5.726675
39.200000	5.901487
39.250000	5.810274
39.300000	5.550458
39.350000	5.162657
39.400000	4.950586
39.450000	5.247215
39.500000	5.690112
39.550000	5.837117
39.600000	5.726651
39.650000	5.455087
39.700000	5.078007
39.750000	4.563297
39.800000	4.051514
39.850000	4.274066
39.900000	4.859810
39.950000	4.403717
40.000000	4.262891
40.050000	4.621529
40.100000	5.025396
40.150000	5.154757
40.200000	4.986830
40.250000	5.016627
40.300000	5.043136
40.350000	5.019737
40.400000	4.725536
40.450000	4.364206
40.500000	3.803935
40.550000	3.784308
40.600000	4.220221
40.650000	4.739184
40.700000	5.026326
40.750000	5.037760
40.800000	5.049194
40.850000	5.024765
40.900000	4.898968
40.950000	4.773170
41.000000	4.680369
41.050000	4.659253
41.100000	4.638138
41.150000	4.612651
41.200000	4.575238
41.250000	4.537824
41.300000	4.578400
41.350000	4.777992
41.400000	4.977584
41.450000	5.184149
41.500000	5.413835
41.550000	5.643521
41.600000	5.824037
41.650000	5.786465
41.700000	5.748893
41.750000	5.966262
41.800000	6.194801
41.850000	6.058863
41.900000	5.721973
41.950000	5.245310
42.000000	4.762853
42.050000	4.456355
42.100000	4.437477
42.150000	4.552476
42.200000	4.676620
42.250000	4.687320
42.300000	4.676991
42.350000	4.606751
42.400000	4.502592
42.450000	4.398433
42.500000	4.292758
42.550000	4.094220
42.600000	3.884199
42.650000	4.010587
42.700000	4.311348
42.750000	4.478304
42.800000	4.114917
42.850000	3.690320
42.900000	3.576236
42.950000	3.469542
43.000000	3.587176
43.050000	3.789459
43.100000	4.005303
43.150000	4.350390
43.200000	4.370101
43.250000	4.022616
43.300000	4.048111
43.350000	4.047380
43.400000	3.952475
43.450000	3.900083
43.500000	4.527688
43.550000	4.169324
43.600000	3.895291
43.650000	3.778068
43.700000	3.870146
43.750000	4.188402
43.800000	4.508057
43.850000	4.590155
43.900000	4.514118
43.950000	4.541846
44.000000	4.550880
44.050000	5.514834
44.100000	6.238559
44.150000	6.615405
44.200000	6.733616
44.250000	6.520179
44.300000	6.316665
44.350000	6.118089
44.400000	5.975224
44.450000	5.942464
44.500000	5.994772
44.550000	6.096662
44.600000	6.170825
44.650000	6.181423
44.700000	6.312210
44.750000	6.515628
44.800000	6.721685
44.850000	6.774443
44.900000	6.798087
44.950000	6.827827
45.000000	6.786821
45.050000	6.704312
45.100000	6.599703
45.150000	6.326921
45.200000	6.266035
45.250000	6.234584
45.300000	6.478042
45.350000	6.765600
45.400000	5.988873
45.450000	5.152314
45.500000	5.370036
45.550000	5.587674
45.600000	5.508074
45.650000	5.428474
45.700000	5.234252
45.750000	5.257266
45.800000	5.280279
45.850000	5.292995
45.900000	5.301151
45.950000	5.309306
46.000000	5.228661
46.050000	5.125745
46.100000	5.022829
46.150000	5.052870
46.200000	5.096712
46.250000	5.130205
46.300000	5.113675
46.350000	5.097145
46.400000	5.080575
46.450000	5.063925
46.500000	5.047274
46.550000	5.100386
46.600000	5.224327
46.650000	5.348268
46.700000	5.438259
46.750000	5.394238
46.800000	5.350217
46.850000	5.353704
46.900000	5.408318
46.950000	5.462932
47.000000	5.476137
47.050000	5.360851
47.100000	5.245566
47.150000	5.130280
47.200000	5.014995
47.250000	4.899709
47.300000	4.784423
47.350000	4.669138
47.400000	4.542530
47.450000	4.403866
47.500000	4.265202
47.550000	4.305516
47.600000	4.429547
47.650000	4.553578
47.700000	5.190455
47.750000	5.272061
47.800000	5.365039
47.850000	5.505040
47.900000	5.521957
47.950000	5.392229
48.000000	4.954286
48.050000	4.472430
48.100000	4.278378
48.150000	4.312905
48.200000	4.793760
48.250000	5.132736
48.300000	5.030916
48.350000	4.786365
48.400000	4.668407
48.450000	4.908814
48.500000	4.725663
48.550000	3.998176
48.600000	3.605070
48.650000	3.529637
48.700000	3.743142
48.750000	4.093066
48.800000	4.564977
48.850000	4.494070
48.900000	4.407266
48.950000	4.457317
49.000000	4.570418
49.050000	4.625306
49.100000	4.463078
49.150000	4.374956
49.200000	4.357716
49.250000	4.408257
49.300000	4.459639
49.350000	4.469194
49.400000	4.375766
49.450000	4.034278
49.500000	3.405330
49.550000	3.404841
49.600000	3.526599
49.650000	3.679543
49.700000	3.902130
49.750000	4.147552
49.800000	4.396689
49.850000	4.638465
49.900000	4.877263
49.950000	5.068374
50.000000	5.162875
50.050000	5.128253
50.100000	4.963764
50.150000	4.755187
50.200000	4.550267
50.250000	4.584083
50.300000	4.749064
50.350000	4.910649
50.400000	4.872132
50.450000	4.821710
50.500000	4.783053
50.550000	4.793696
50.600000	4.804404
50.650000	4.820915
50.700000	4.866882
50.750000	4.890669
50.800000	4.856237
50.850000	4.659466
50.900000	4.374606
50.950000	4.112749
51.000000	3.983711
51.050000	3.927970
51.100000	3.935693
51.150000	4.002612
51.200000	4.051173
51.250000	3.992339
51.300000	3.924198
51.350000	3.890466
51.400000	3.978337
51.450000	4.073316
51.500000	4.159452
51.550000	4.141749
51.600000	4.124046
51.650000	4.092069
51.700000	4.098492
51.750000	4.113487
51.800000	4.141932
51.850000	4.210770
51.900000	4.141606
51.950000	4.072442
52.000000	4.051496
52.050000	4.115997
52.100000	4.180498
52.150000	4.255576
52.200000	4.377279
52.250000	4.536114
52.300000	4.714679
52.350000	4.893244
52.400000	4.809418
52.450000	4.523401
52.500000	4.223224
52.550000	4.076953
52.600000	4.196964
52.650000	4.316975
52.700000	4.346636
52.750000	4.188328
52.800000	4.013193
52.850000	4.015199
52.900000	4.172018
52.950000	4.367778
53.000000	4.530237
53.050000	4.662290
53.100000	4.787861
53.150000	4.851853
53.200000	4.905781
53.250000	4.959710
53.300000	4.799948
53.350000	4.562302
53.400000	4.324656
53.450000	4.071693
53.500000	3.801444
53.550000	3.531195
53.600000	3.305703
53.650000	3.335277
53.700000	3.398492
53.750000	3.438942
53.800000	3.321213
53.850000	3.158247
53.900000	2.995280
53.950000	2.936245
54.000000	3.003933
54.050000	3.072274
54.100000	3.117904
54.150000	3.029480
54.200000	2.925326
54.250000	2.891671
54.300000	2.977795
54.350000	3.115463
54.400000	3.261594
54.450000	3.311367
54.500000	3.342632
54.550000	3.250526
54.600000	3.208538
54.650000	3.216906
54.700000	3.225273
54.750000	3.231487
54.800000	3.129555
54.850000	3.027623
54.900000	2.914757
54.950000	2.730585
55.000000	2.546413
55.050000	2.372598
55.100000	2.324454
55.150000	2.276310
55.200000	2.228166
55.250000	2.260860
55.300000	2.317989
55.350000	2.401636
55.400000	2.431570
55.450000	2.408822
55.500000	2.375928
55.550000	2.406668
55.600000	2.472712
55.650000	2.556253
55.700000	2.630641
55.750000	2.568498
55.800000	2.506354
55.850000	2.418029
55.900000	2.431342
55.950000	2.453996
56.000000	2.344662
56.050000	2.083844
56.100000	1.858840
56.150000	1.668389
56.200000	1.487037
56.250000	1.378467
56.300000	1.314650
56.350000	1.269556
56.400000	1.208502
56.450000	1.155852
56.500000	1.207495
56.550000	1.284669
56.600000	1.335859
56.650000	1.392385
56.700000	1.642161
56.750000	2.130829
56.800000	2.244065
56.850000	1.962561
56.900000	1.938497
56.950000	1.914432
57.000000	1.890368
57.050000	1.826607
57.100000	1.751611
57.150000	1.676615
57.200000	1.625533
57.250000	1.612472
57.300000	1.599412
57.350000	1.573296
57.400000	1.542877
57.450000	1.551182
57.500000	1.605535
57.550000	1.659887
57.600000	1.548839
57.650000	1.312628
57.700000	1.076417
57.750000	1.037143
57.800000	1.057798
57.850000	1.074688
57.900000	1.014692
57.950000	0.954697
58.000000	0.897741
58.050000	0.845069
58.100000	0.792397
58.150000	0.709494
58.200000	0.613444
58.250000	0.582273
58.300000	0.646487
58.350000	0.707000
58.400000	0.643848
58.450000	0.580696
58.500000	0.634855
58.550000	0.778661
58.600000	0.922467
58.650000	1.066274
58.700000	1.210080
58.750000	1.349445
58.800000	1.417180
58.850000	1.484915
58.900000	1.517774
58.950000	1.517144
59.000000	1.516515
59.050000	1.542876
59.100000	1.592306
59.150000	1.641736
59.200000	1.662481
59.250000	1.668038
59.300000	1.689434
59.350000	1.844949
59.400000	2.000465
59.450000	2.006067
59.500000	1.976434
59.550000	1.876418
59.600000	1.643615
59.650000	1.410813
59.700000	1.384441
59.750000	1.364703
59.800000	1.092294
59.850000	0.830129
59.900000	0.753683
59.950000	0.843436
60.000000	1.041081
60.050000	1.010913
60.100000	0.897564
60.150000	0.917361
60.200000	1.058499
60.250000	1.129632
60.300000	1.047727
60.350000	0.975609
60.400000	0.945704
60.450000	0.942422
60.500000	0.967456
60.550000	1.098523
60.600000	1.275897
60.650000	1.308128
60.700000	1.289426
60.750000	1.246958
60.800000	1.189588
60.850000	1.132218
60.900000	1.169543
60.950000	1.208635
61.000000	1.247727
61.050000	1.562049
61.100000	1.668398
61.150000	1.374748
61.200000	1.118219
61.250000	1.029845
61.300000	0.983737
61.350000	1.005084
61.400000	1.110112
61.450000	1.215141
61.500000	1.228570
61.550000	1.143655
61.600000	1.058740
61.650000	1.251355
61.700000	1.622528
61.750000	1.997219
61.800000	2.230917
61.850000	2.360871
61.900000	2.188448
61.950000	1.775535
62.000000	1.471076
62.050000	1.215277
62.100000	1.286348
62.150000	1.357420
62.200000	1.328473
62.250000	1.198754
62.300000	1.069034
62.350000	1.049224
62.400000	1.046407
62.450000	1.043589
62.500000	1.096270
62.550000	1.161818
62.600000	1.227365
62.650000	1.193700
62.700000	1.152521
62.750000	1.110613
62.800000	1.063800
62.850000	1.016987
62.900000	0.974755
62.950000	0.987343
63.000000	0.999931
63.050000	1.012180
63.100000	1.023832
63.150000	1.035485
63.200000	0.996257
63.250000	0.902008
63.300000	0.807760
63.350000	0.780230
63.400000	0.783997
63.450000	0.787765
63.500000	0.868167
63.550000	0.958798
63.600000	1.049368
63.650000	0.998080
63.700000	0.946791
63.750000	0.918208
63.800000	0.946416
63.850000	0.974623
63.900000	0.985728
63.950000	0.959988
64.000000	0.934248
64.050000	0.886050
64.100000	0.733821
64.150000	0.581592
64.200000	0.445628
64.250000	0.423543
64.300000	0.401457
64.350000	0.398012
64.400000	0.421372
64.450000	0.444731
64.500000	0.477096
64.550000	0.548494
64.600000	0.619892
64.650000	0.655646
64.700000	0.563964
64.750000	0.472282
64.800000	0.440905
64.850000	0.591990
64.900000	0.743076
64.950000	0.862106
65.000000	0.899167
65.050000	0.936229
65.100000	0.938823
65.150000	0.888900
65.200000	0.838976
65.250000	0.795073
65.300000	0.762660
65.350000	0.730248
65.400000	0.665978
65.450000	0.548666
65.500000	0.431354
65.550000	0.373465
65.600000	0.377327
65.650000	0.381189
65.700000	0.456932
65.750000	0.598601
65.800000	0.740271
65.850000	0.786155
65.900000	0.723792
65.950000	0.661428
66.000000	0.593888
66.050000	0.519071
66.100000	0.444255
66.150000	0.442158
66.200000	0.485110
66.250000	0.528062
66.300000	0.560021
66.350000	0.400441
66.400000	0.240860
66.450000	0.170972
66.500000	0.222480
66.550000	0.273989
66.600000	0.235270
66.650000	0.184189
66.700000	0.144147
66.750000	0.137197
66.800000	0.130247
